iteration,MSE_trg,MSE_val,MSE_tst,acc_trg,acc_val,acc_tst,elapsed
0,0.188391500714,0.191993225912,0.188615841843,0.399153362576,0.401515310585,0.404047333337,3.116366412
10,0.188384761449,0.191986017327,0.188608522091,0.39919277921,0.401515310585,0.404047333337,31.792601631
20,0.186807305777,0.190450847503,0.187062598828,0.400395009976,0.399589564013,0.404314795395,61.211436996
30,0.186547928868,0.190165252996,0.18682050536,0.39999428201,0.399741494019,0.404678586912,86.19338719
40,0.186582465033,0.190242833271,0.18679280612,0.39999428201,0.399583864763,0.404752148777,110.786192015
50,0.186095795073,0.189434188229,0.186267432262,0.384516152618,0.378774853229,0.392960723974,133.725561537
60,0.185120061806,0.188448438147,0.185284227069,0.380922724182,0.37715866592,0.389528664433,157.472954925
70,0.182576343953,0.185959921283,0.182647445258,0.38625451522,0.377898368575,0.392432300218,182.341879491
80,0.181045311253,0.184407583673,0.181170803708,0.386183602774,0.381191485201,0.391727386782,206.62414209
90,0.178742033288,0.18203077865,0.178914390468,0.388081553531,0.381936887106,0.391154865105,231.119382125
100,0.179326748757,0.182740003863,0.179549977647,0.387686074867,0.380670153808,0.389606048118,253.390470821
110,0.176175981895,0.17946786178,0.176392736602,0.391316389024,0.38410380194,0.394430328028,274.943048364
120,0.175063712133,0.178275005521,0.17534124174,0.392042995533,0.385181560107,0.396847155429,296.304878027
130,0.171233829741,0.174508095445,0.171565068182,0.386911193527,0.382431522012,0.393829485686,317.620732216
140,0.170868349408,0.174131951697,0.171236021351,0.387183172987,0.383534926804,0.394710888802,338.277969464
150,0.169621879462,0.172783817602,0.170009194502,0.390174244018,0.386678963048,0.397944932345,356.051627173
160,0.169142545024,0.172306733119,0.169497577954,0.391079514271,0.386833742679,0.39867787246,375.860239558
170,0.168257471315,0.171316684924,0.168598653835,0.39062952723,0.389825848918,0.398518695297,395.129494
180,0.167038125519,0.169981109113,0.167364221382,0.393504316848,0.392347917014,0.401015780915,411.730529595
190,0.166981335615,0.169969244688,0.167356905708,0.393822274569,0.391084033341,0.400574409722,430.665973198
200,0.164004573914,0.166901334514,0.164447010074,0.398545052838,0.395016215866,0.40283741704,449.5810105
210,0.162426925118,0.165226720962,0.162908372443,0.398357858978,0.394514831848,0.404288565298,469.599015248
220,0.162421893235,0.165271868655,0.162902762756,0.3995107838,0.394838639235,0.404885095843,489.100245552
230,0.16211740419,0.164906891677,0.162613464468,0.39871195252,0.394354352967,0.404653696085,507.793069836
240,0.161455243835,0.164233446388,0.161992811856,0.399537733342,0.396082575533,0.4053866362,525.908780737
250,0.161052593995,0.163617837713,0.161505646905,0.398497152957,0.397174581825,0.405378600579,545.685539716
260,0.156819943649,0.158938148789,0.157201899681,0.40453516259,0.405016149875,0.412257255643,564.67247295
270,0.156266004231,0.158427396141,0.156665091524,0.404289476509,0.405959075786,0.414165846336,583.572675581
280,0.154657642917,0.156793569111,0.155130158444,0.405786652431,0.406896302447,0.41289922338,602.671679254
290,0.154371590459,0.156476280293,0.154874540523,0.405067310581,0.405623869899,0.411411914827,621.181298377
300,0.154364250095,0.156446134688,0.154851167834,0.405185560483,0.405781499155,0.411706162289,640.070535117
310,0.157519108243,0.159654381854,0.157974593441,0.405801697306,0.401734431749,0.412373674155,659.112265019
320,0.153306872971,0.155235900279,0.153819536098,0.407549902349,0.409725080179,0.413620110063,681.849306656
330,0.152882104719,0.154932973079,0.153547120761,0.408418380618,0.409722230554,0.413472986332,700.374694321
340,0.151160085452,0.153220574265,0.151797810589,0.411790494733,0.411582435751,0.415285247566,720.326259388
350,0.145541394493,0.147938225513,0.147092873587,0.422369338077,0.419071700164,0.42072604908,739.234466657
360,0.14578012551,0.148180665329,0.147363563238,0.421935755105,0.418598812396,0.42006399229,758.305237998
370,0.145092720188,0.14738509877,0.146687762448,0.42346972301,0.420327034962,0.421900360388,776.03331984
380,0.144369132505,0.14654449965,0.145976740684,0.423935504826,0.422215736409,0.422629282692,797.192551474
390,0.143970650761,0.146258371384,0.145566932872,0.4242613365,0.421278509748,0.422788459855,815.660519407
400,0.142989450291,0.145110415531,0.144578380652,0.426029179558,0.425849758172,0.425284206202,832.304308277
410,0.14290427425,0.14500246519,0.144522710362,0.426381960774,0.426004537803,0.425946262992,851.112301294
420,0.142796541419,0.144886334726,0.144399571328,0.426657221048,0.426162167059,0.426387634185,870.6155074
430,0.141853334803,0.14387281375,0.143451766785,0.428337700721,0.426781285583,0.427470973115,892.512677468
440,0.14121825216,0.143167891013,0.142771386173,0.429834876644,0.428354728518,0.428939531885,914.738146411
450,0.140714869139,0.142768593394,0.142385537141,0.431027874262,0.428197099262,0.429315376834,935.388168523
460,0.14005070417,0.142143160145,0.141701423002,0.432955352343,0.430082951084,0.430410769196,957.739717218
470,0.138776027018,0.140708180286,0.140332590666,0.436066641764,0.43354794509,0.433714356794,977.861617182
480,0.137785874716,0.139558886848,0.139364326149,0.437481047442,0.434648500257,0.435106675158,997.316366326
490,0.137658029083,0.139393577546,0.139216871171,0.437011984813,0.433708423971,0.43459977772,1017.51320807
500,0.136937605757,0.138721633108,0.138570130207,0.438815307527,0.432891781442,0.434507466072,1037.28564946
510,0.137102738655,0.139083996856,0.138829408097,0.437885056221,0.43275979881,0.4351227464,1057.10781438
520,0.135978812319,0.137631374613,0.137440711379,0.440424827886,0.434462374751,0.435969328491,1075.9364059
530,0.135810896724,0.13742189877,0.13726704734,0.440937900289,0.433668529222,0.436925632743,1094.04387866
540,0.13574717869,0.13737158428,0.137231114745,0.44097666076,0.433668529222,0.436999194609,1112.72292695
550,0.135043344527,0.136680039505,0.136547356641,0.441018045882,0.435253370656,0.438553368676,1131.45255632
560,0.135084135667,0.136633782504,0.136638979885,0.440496443364,0.435087192525,0.438695135326,1149.63126193
570,0.13456705553,0.136166980521,0.136090993302,0.442200544896,0.436038667311,0.438990722059,1167.38683891
580,0.134509987713,0.136101714516,0.136016120666,0.442396971903,0.436038667311,0.438915820923,1186.41101756
590,0.133531580945,0.135042435355,0.134990158081,0.44380875293,0.437136372853,0.441045097213,1204.64564757
600,0.134595842668,0.136230159996,0.136106963434,0.442392378763,0.435562929918,0.43928229098,1223.33446886
610,0.131908740585,0.133234645914,0.133383149387,0.446281502256,0.439647042449,0.443531468669,1241.78134809
620,0.131749550081,0.13315281685,0.133244718203,0.44787260319,0.439658440949,0.444423585946,1263.7227247
630,0.131820667415,0.133264645084,0.133328966123,0.448151144278,0.439500811693,0.444497147812,1286.01849117
640,0.131338673592,0.132679795443,0.132819285656,0.448660279703,0.441077104253,0.445747699526,1307.59327559
650,0.131226403044,0.132562781046,0.132793773559,0.449680519043,0.442335288676,0.446183713638,1329.12765702
660,0.1284685029,0.129769694244,0.129866633508,0.455631774587,0.449422905946,0.452879182671,1350.7994441
670,0.1279087379,0.12907088607,0.129203759702,0.457220953901,0.449549189327,0.455132815099,1373.74377081
680,0.127686693567,0.128845492286,0.129000260408,0.457337891477,0.449070602309,0.455427062561,1395.67719621
690,0.125296129168,0.126147962281,0.126330774038,0.462021909274,0.453478522226,0.46034633266,1415.22098333
700,0.124514561306,0.125443680781,0.125643423805,0.462602660178,0.457258774745,0.461586170212,1434.57656512
710,0.123832137202,0.124785150727,0.124902033962,0.464066981094,0.456943516233,0.461659732078,1455.77441409
720,0.123683912928,0.124637264484,0.124777782231,0.464622094781,0.457419253626,0.462177343677,1474.42916355
730,0.123249445794,0.124185609869,0.124414190827,0.464772543526,0.457565484382,0.461281208589,1492.19902709
740,0.122910641163,0.123812463049,0.124081557697,0.465198908708,0.459454185829,0.462824668495,1510.88119336
750,0.122319040527,0.123104346811,0.12341280347,0.466290716656,0.460118898353,0.463583054743,1528.20235872
760,0.121813527226,0.12253333909,0.122923781771,0.468379142086,0.461695190913,0.463723482123,1545.99509818
770,0.121626298915,0.1223535884,0.122746682016,0.468496079662,0.460743716127,0.464091291451,1563.00015315
780,0.121680934537,0.122379777781,0.122716538442,0.468140673795,0.459952720222,0.464017729586,1581.14780027
790,0.121368771031,0.122186123863,0.122497319653,0.468343662429,0.460752265002,0.464099327072,1599.44507807
800,0.121205800707,0.122029641519,0.122395743858,0.467988256562,0.460434156865,0.464691839807,1617.95203735
810,0.119651520921,0.120329850188,0.120609452345,0.473148554778,0.467369844129,0.469760912178,1639.04939674
820,0.119332546357,0.119957015202,0.120277919417,0.472098741246,0.466595945974,0.469484075228,1660.07178272
830,0.119269656496,0.119880001,0.120216565355,0.472098085083,0.467226462997,0.469557637094,1680.27547744
840,0.119252011229,0.119858579066,0.120199550305,0.472098085083,0.467226462997,0.469557637094,1700.71453169
850,0.118859221108,0.119427246181,0.119801941976,0.474032124791,0.46769650114,0.469996329746,1721.19499057
860,0.118863863246,0.119432385253,0.119807747335,0.473992708157,0.46769650114,0.46977430488,1741.41656312
870,0.118776414015,0.119348062743,0.119706832414,0.473913218727,0.467536022259,0.469625841878,1761.92632019
880,0.118001947971,0.118688353606,0.118910708223,0.474853968636,0.467533172634,0.470872375782,1782.42957713
890,0.117984496181,0.118674063913,0.118897960182,0.474735062572,0.467533172634,0.471094400648,1802.89021259
900,0.117839212401,0.118655095714,0.118785964149,0.474698926752,0.467851280771,0.472205864253,1825.91536017
910,0.117993719604,0.118852501153,0.118952446469,0.474539291729,0.467848431146,0.472722136582,1845.74459444
920,0.117708470416,0.118546633218,0.118670320673,0.474936082718,0.468008910027,0.472279426118,1864.11381712
930,0.117114669011,0.117855717081,0.118026418177,0.475604853167,0.47005524073,0.473088606639,1881.44267897
940,0.116402861109,0.117240231098,0.117365453957,0.475541767806,0.469120863694,0.475320908739,1899.75224841
950,0.116211583773,0.117017440781,0.117163839372,0.475935277981,0.469593751462,0.475982965528,1917.18235288
960,0.115934512104,0.116726672422,0.116840561182,0.476376734906,0.469441821456,0.476361489018,1935.55031348
970,0.115481488418,0.116500740063,0.116370121177,0.478245720764,0.473413898731,0.478363730629,1953.91543662
980,0.114330075303,0.115331299744,0.115241798666,0.480926051864,0.474832562035,0.479980752401,1972.39043689
990,0.114217668387,0.115208051833,0.115127522402,0.480923427213,0.475620708315,0.480051635726,1990.2117739
1000,0.114016338661,0.115223000975,0.115064619549,0.48979338841,0.483263852477,0.487192591758,2007.80963848
1010,0.113683460237,0.11487864109,0.11476715503,0.491823321618,0.489611767091,0.487498892652,2025.41458775
1020,0.113552296208,0.114761721305,0.114707343941,0.491979019665,0.490242284115,0.487644677113,2043.26100052
1030,0.113541284765,0.114770276306,0.11470036117,0.492018436299,0.490399913371,0.487644677113,2060.28775847
1040,0.113463820292,0.114731602027,0.114601915891,0.492417851939,0.490878500389,0.487646016383,2077.64350498
1050,0.114622492554,0.116008800204,0.115709398593,0.498838685669,0.49351740311,0.492540036339,2093.49609699
1060,0.113129058966,0.114385491221,0.114259046028,0.493641079913,0.492460492199,0.488381635039,2110.62552265
1070,0.113072364437,0.114306640686,0.114188271676,0.494673786345,0.49262097108,0.488753462177,2129.02691658
1080,0.112224161263,0.113537009122,0.113299842049,0.497645781787,0.494051032884,0.49223229818,2147.45377247
1090,0.110922345243,0.112364911023,0.111914191206,0.503817039328,0.501361820784,0.498549341719,2164.66822973
1100,0.110837740465,0.112201469339,0.111791540774,0.50142120165,0.496277789843,0.495863614995,2181.72655117
1110,0.110650150629,0.1121254053,0.11162905154,0.505360849675,0.50231899482,0.50054622625,2198.9768806
1120,0.110614475812,0.111910855008,0.111575494831,0.500436441967,0.494374840271,0.496383905134,2216.48646891
1130,0.109776799979,0.111652815286,0.110710637467,0.509777434282,0.503608525118,0.504031758604,2233.44570964
1140,0.109761006694,0.111640931406,0.110693509735,0.509581007275,0.503450895862,0.503812412278,2251.00982236
1150,0.109553011589,0.111500725668,0.110537657104,0.509734080671,0.503448046237,0.503736171872,2267.58128573
1160,0.108956524503,0.111163833384,0.110119137195,0.51344116587,0.507288140881,0.507909207149,2284.14578766
1170,0.108328359793,0.110500983066,0.109488963347,0.513982500139,0.505213313928,0.507893135907,2304.77876578
1180,0.108196004597,0.110374830746,0.109361394544,0.514021260611,0.505370943184,0.508113821504,2325.29195189
1190,0.10802437402,0.110177645885,0.109191647743,0.515645872713,0.507271043131,0.509890020438,2344.86375196
1200,0.108185529939,0.110406585084,0.109348424244,0.516483464464,0.508861583816,0.510783476986,2363.4865411
1210,0.107820884824,0.110033204422,0.108984109462,0.517271797141,0.508382996798,0.511589978966,2383.20902227
1220,0.107553871648,0.110004956925,0.108805368616,0.52072133846,0.514458397275,0.512234723239,2402.2594684
1230,0.107529274607,0.109991695454,0.108795857316,0.52080082789,0.514458397275,0.512014037642,2421.48070995
1240,0.107483892543,0.109951033275,0.108748515467,0.520879661158,0.513822181001,0.512161161373,2441.04695744
1250,0.106012156858,0.108329211017,0.107207335158,0.521497204044,0.517284325383,0.514956512263,2462.02404107
1260,0.10599830988,0.10831406348,0.107205894122,0.521655526742,0.517284325383,0.514882950398,2480.22437836
1270,0.108770246336,0.111075600753,0.109638572472,0.54494578924,0.539697225845,0.541645227455,2498.97274257
1280,0.105591227675,0.107898866442,0.106844435263,0.522767722604,0.516811437615,0.516956075335,2518.48728359
1290,0.10546075982,0.107702596766,0.106757948298,0.523119191495,0.517754363526,0.517393428717,2538.18479675
1300,0.105017164533,0.107203258413,0.106173434439,0.524355542724,0.520144448991,0.519030539542,2557.79575559
1310,0.105023775658,0.107206938363,0.106195006529,0.524276053294,0.519829190479,0.519102762137,2577.35851138
1320,0.104789612664,0.106658180007,0.105906921785,0.521343521354,0.517883496532,0.519130788816,2597.18484389
1330,0.104378372543,0.106189993087,0.10546872347,0.521329085773,0.516284406972,0.519043834248,2615.18238467
1340,0.10185857398,0.104022733686,0.102909432943,0.528043036777,0.52229141645,0.524567670514,2633.78031813
1350,0.101698230558,0.103852860578,0.102780642192,0.527438664015,0.521013284652,0.524777641949,2655.14240364
1360,0.100972224143,0.102901697794,0.101950035288,0.530231995714,0.522575329087,0.52601078315,2673.39335677
1370,0.100866083293,0.102777278046,0.101844539371,0.530547328785,0.522572479462,0.526156567611,2690.82177704
1380,0.100556931057,0.102529412337,0.101543255485,0.531250266566,0.520348572128,0.525926507123,2709.09519694
1390,0.100386920545,0.102401542883,0.101388762975,0.531726546986,0.520033313616,0.526074970124,2728.0558509
1400,0.100234332056,0.1022312739,0.101304680312,0.531841516073,0.521294347664,0.526441440182,2746.72226699
1410,0.0998995765485,0.101877372764,0.100903538789,0.532824963431,0.521919165438,0.527024578025,2763.9288828
1420,0.099827041219,0.10176959613,0.10083119857,0.533181025461,0.522392053206,0.527243924352,2782.607677
1430,0.0991045858145,0.101442935747,0.100154803775,0.537443224346,0.524954016051,0.531934571228,2804.61855977
1440,0.0990131530941,0.101346159352,0.100062689724,0.537678411824,0.525111645307,0.532302380556,2822.83278193
1450,0.098787528125,0.101123203026,0.0998555667148,0.538685527909,0.528407611558,0.532865429347,2839.84899873
1460,0.0986004305103,0.100978718423,0.099705264421,0.538881954915,0.528247132677,0.532864090076,2859.25469624
1470,0.0983967487095,0.100812922939,0.0995454765812,0.538610631618,0.527461836022,0.533092811294,2879.84761178
1480,0.0982304221775,0.100615413519,0.0994061629141,0.538756487223,0.526498962737,0.533007195997,2901.02494409
1490,0.0988241366821,0.10123115619,0.0999160650596,0.537147623027,0.526037473468,0.531399549117,2922.11288027
1500,0.0980857013652,0.100491438235,0.0993094590174,0.538950289579,0.526811371623,0.531819491987,2943.24630128
1510,0.0979271597138,0.100437810289,0.0991801595871,0.53901796808,0.526484714612,0.531662993364,2965.21482101
1520,0.0978503504839,0.100361733167,0.0991001226219,0.538857020731,0.526481864987,0.531954562286,2985.5440842
1530,0.0971868276663,0.0996731306638,0.0983533040558,0.539036387505,0.526943354255,0.533786912573,3006.53254192
1540,0.096945261531,0.0992929567713,0.0981710377223,0.539823407856,0.529150163838,0.533777537682,3028.33244513
1550,0.0967952250286,0.0992061875585,0.0980210444702,0.53986282449,0.529150163838,0.534073124414,3049.61847291
1560,0.0952731833902,0.0974631164767,0.0964458542609,0.542134506802,0.530273516005,0.53652075503,3070.393902
1570,0.0948561601327,0.0972081563949,0.0960584003995,0.541892757697,0.53344034925,0.53851630029,3090.92479011
1580,0.0947689071232,0.09722635909,0.0959542469133,0.544392409697,0.534873260679,0.540519881172,3111.97755974
1590,0.0946225911583,0.0970702657576,0.0958649150192,0.544586868215,0.534546603667,0.541699549561,3133.50382385
1600,0.0950050190561,0.0974891964837,0.096298507413,0.544433138656,0.535340449197,0.538679495264,3154.95680849
1610,0.0943101055094,0.0968280214645,0.0955798361435,0.543674380172,0.53580478809,0.540073152898,3176.09981075
1620,0.0942005277618,0.0967218802445,0.0955114978952,0.543992994057,0.53581048734,0.540370078901,3197.54193788
1630,0.0940967146042,0.0966478384619,0.0954420620707,0.544706430442,0.536125745852,0.540815467904,3218.68457206
1640,0.0943029262393,0.0971316576111,0.0955840656408,0.550068358098,0.53916344609,0.547417384015,3239.72481536
1650,0.0938379992691,0.0962391925577,0.0952319376841,0.545125577833,0.5373753814,0.539690611598,3259.9824484
1660,0.0938254585646,0.0961996075906,0.0952250338703,0.545164994467,0.537851118793,0.539690611598,3282.04876246
1670,0.0937452848479,0.0962601236173,0.0951682280478,0.546794855872,0.538495883942,0.54103079642,3303.49292431
1680,0.0936891882017,0.0962025182834,0.0951091642165,0.547070772308,0.537702038412,0.540879654879,3324.05458401
1690,0.0935200860934,0.0960075041194,0.0949262158319,0.549408164633,0.540080725377,0.54354127474,3348.06756897
1700,0.0930315161129,0.0954847226381,0.0944096903644,0.55084619217,0.543737544139,0.546364750304,3368.1035157
1710,0.0923579221873,0.0948261207024,0.0935631761975,0.552426138337,0.543734694514,0.55042270634,3388.12359741
1720,0.0922596574595,0.0947337497954,0.093474999273,0.552623877669,0.543734694514,0.550793194208,3408.29240338
1730,0.0919847126209,0.0944228992692,0.0932548666502,0.552912917361,0.545173305193,0.551175735508,3428.33259919
1740,0.0919620402502,0.0943761440582,0.0932300375983,0.552991750628,0.544221830407,0.551322859239,3448.59793381
1750,0.0917990829051,0.0941742324891,0.0930852810719,0.55393774984,0.543900872645,0.550433420501,3468.63660262
1760,0.0917565015137,0.09414947739,0.0930418752661,0.554098041026,0.544537088919,0.550433420501,3489.09378528
1770,0.0910626022173,0.0936023771251,0.0923622828549,0.561721808553,0.553275088998,0.557626510076,3509.26466864
1780,0.0910110684217,0.093519541932,0.0923027572929,0.561878162763,0.552956980861,0.557772294537,3532.58608477
1790,0.0910235437651,0.0936144391283,0.0922825675399,0.562316995037,0.552489792343,0.557776312348,3553.01689373
1800,0.0907940184139,0.0932135322023,0.0920813508401,0.563272180527,0.555980432975,0.558961337817,3574.07821407
1810,0.0907577663571,0.0931985919015,0.0920492651957,0.56339305508,0.556298541112,0.558964016358,3594.07607355
1820,0.090677094703,0.0931972430114,0.0919781467697,0.568119723456,0.560903985036,0.564600253325,3613.99316699
1830,0.0902400113945,0.092717768524,0.091624828503,0.567794547944,0.559465374357,0.565996589499,3634.5192484
1840,0.0900034135807,0.0924469415977,0.0914462231298,0.568186089631,0.559462524732,0.565551200496,3654.51757305
1850,0.0898591538688,0.0923381803852,0.0913485850126,0.568939598813,0.561368323929,0.565626101631,3674.54795481
1860,0.0895932153622,0.0922289201909,0.0911675110211,0.569837651275,0.562620809102,0.565396041143,3694.73817542
1870,0.0895181743659,0.0921238565439,0.0911039733505,0.570234442264,0.562936067614,0.566357702476,3715.21829322
1880,0.0897560088005,0.0924343011501,0.0913356578159,0.570830941073,0.56151740431,0.565401398224,3734.44413368
1890,0.0894261624808,0.0921487232733,0.0910107444905,0.570191744816,0.562463179846,0.565097775871,3754.94319285
1900,0.0893712420152,0.0920548768432,0.0909347314285,0.57038751566,0.562142222084,0.564651047597,3774.48156328
1910,0.0892179768364,0.0919236769891,0.0908766401887,0.571374243831,0.564512360173,0.565464245928,3794.61434757
1920,0.0892686769178,0.0920733277245,0.0909187348008,0.571695482366,0.563251326125,0.565468263739,3814.70185501
1930,0.0890440443196,0.0917877856352,0.0907075694331,0.572009503111,0.564354730917,0.566056758663,3834.35156997
1940,0.0889195735075,0.0916333772769,0.0906003642569,0.57228345106,0.564194252036,0.565608691119,3855.00276982
1950,0.0888047632534,0.0915456896624,0.0905141263298,0.565520944012,0.554656707177,0.557891293594,3875.1662671
1960,0.0881475186736,0.0909590907571,0.0899181364859,0.570199665638,0.560050297381,0.562105748252,3895.20342887
1970,0.0881379806982,0.090968582249,0.0899154693656,0.569166303043,0.55830212744,0.561067846514,3915.04491318
1980,0.0880594781746,0.0906242518846,0.0897239951121,0.566214695515,0.553994844278,0.559268879986,3935.8003244
1990,0.087959261909,0.0905978368682,0.0896408644395,0.567564047343,0.55431580204,0.559493583393,3955.81708672
2000,0.0877599196119,0.0903642871895,0.0894557165668,0.567602807814,0.554949168689,0.55971426899,3975.46515538
2010,0.0875254462241,0.0901080659135,0.0892385204719,0.567799890983,0.555267276826,0.559934954586,3995.80054577
2020,0.0870765854083,0.0896939723972,0.0888127224066,0.568860859283,0.555579685713,0.561329951491,4016.42959979
2030,0.08703946587,0.089648218022,0.0887663929151,0.568740640893,0.556525461249,0.561255050355,4036.23481652
2040,0.0871461776563,0.0897495804512,0.0888789903206,0.568144142084,0.555731615719,0.559773098883,4056.41083325
2050,0.0862054876123,0.088720874018,0.0878030278552,0.580352003195,0.571786102949,0.577057654733,4076.93933428
2060,0.0859983527139,0.0884310877101,0.0875880603614,0.581860990046,0.574010010283,0.577726407873,4097.27623031
2070,0.0858024915378,0.0882772557719,0.0874684836935,0.582335301978,0.573216164753,0.577503043737,4116.59001581
2080,0.0857945363097,0.0882806114715,0.0874719358657,0.582414135245,0.573058535497,0.577576605602,4136.66055451
2090,0.0854432404013,0.0879604117888,0.0870819979418,0.586186274294,0.574815254313,0.581878014828,4156.40643985
2100,0.0852697044931,0.0879476807237,0.0869917129839,0.58760264846,0.574637677682,0.580833416738,4176.61891568
2110,0.0851486988774,0.0878640448455,0.0868666467134,0.588994041574,0.576703955759,0.58283565835,4197.01447138
2120,0.0850377158003,0.0877218984082,0.0867562929546,0.589151051946,0.576861585015,0.582909220215,4216.79135266
2130,0.0850216129745,0.0877110675653,0.0867096867386,0.590303976768,0.577340172033,0.584244047957,4237.1854916
2140,0.0848778728636,0.0875443104353,0.0865653957737,0.589625363877,0.581452780814,0.584756302475,4257.19440391
2150,0.0848322754597,0.0874756036948,0.0865236645704,0.590815736845,0.5824042556,0.585866426809,4276.91018097
2160,0.0847017168774,0.0872749768814,0.0863929476364,0.593113712536,0.585258679958,0.587936873205,4297.94384471
2170,0.0845758000258,0.0871666389192,0.0862780038491,0.587799075467,0.576850186515,0.579498588997,4317.78961558
2180,0.084316426681,0.0869854941572,0.0859543790408,0.594147731294,0.585582487345,0.588827651213,4336.95374031
2190,0.0843123973819,0.0869824131966,0.0859577820243,0.594147731294,0.585582487345,0.588827651213,4360.97299488
2200,0.0842783230194,0.0869884264303,0.085891128639,0.594586563568,0.585430557339,0.589349280622,4381.24671098
2210,0.0840740836548,0.0867087304963,0.0857169024041,0.595330886471,0.586210154744,0.588819615592,4401.22907604
2220,0.0841040928286,0.0867806048569,0.0857265586362,0.594972855953,0.586522563631,0.58866847405,4421.58645151
2230,0.0839178176639,0.0865739965958,0.0855464159749,0.597355570377,0.587479737667,0.590817839393,4441.32276137
2240,0.083865310831,0.0864799925956,0.0855013678399,0.597035644167,0.58716162953,0.590594475256,4462.04699696
2250,0.0838463691645,0.086489840178,0.0854790501492,0.597035644167,0.58716162953,0.590668037121,4481.4330728
2260,0.0836662153855,0.0864808041816,0.0854512196202,0.596198708578,0.584459135178,0.58933053084,4501.82219042
2270,0.0835601923474,0.0863621648415,0.0853393039755,0.59763083065,0.586685892137,0.590371111119,4521.5076358
2280,0.0834893312114,0.0863073003089,0.0852969998126,0.597948132209,0.586846371018,0.590297549253,4552.69087652
2290,0.0834324142345,0.0862358742808,0.0852408111847,0.597984924192,0.587789296929,0.590293531443,4576.39499333
2300,0.0834299397971,0.086236325917,0.0852457956318,0.597984924192,0.587789296929,0.590293531443,4602.93115218
2310,0.0834001151309,0.0861890722125,0.0852274468944,0.599216682282,0.589376987988,0.592440218245,4631.25212723
2320,0.0833571058112,0.0860130459352,0.0851799079736,0.593814025666,0.585393512214,0.588655081348,4655.25181239
2330,0.0831742005529,0.0857831667225,0.0850011619841,0.594206223516,0.584281558547,0.589168675136,4677.60790859
2340,0.0829757493951,0.0856142061777,0.0847635676431,0.594999149332,0.585393512214,0.589539163004,4700.05693161
2350,0.0829115483506,0.0855623022322,0.0847211658269,0.5959129497,0.585078253702,0.589543180815,4721.30840362
2360,0.0828600585699,0.0854727244035,0.0846944968659,0.595832147944,0.584444887053,0.589763866412,4741.34551148
2370,0.0828553572972,0.0854660085063,0.0847022731341,0.595989814479,0.584444887053,0.58961540341,4761.48792974
2380,0.0826385916584,0.0852387184489,0.0844688466872,0.59765974868,0.586986902524,0.591394280885,4781.93209683
2390,0.082536032205,0.0851284998511,0.0843713493185,0.598686549648,0.588402716203,0.592941758602,4802.59663054
2400,0.082395027467,0.084663428806,0.0842330491396,0.595989158317,0.587606021048,0.590203898335,4822.87328927
2410,0.082124580991,0.0844183707743,0.0840822387459,0.596250639173,0.587107486655,0.589440155005,4843.11313099
2420,0.0820950097299,0.0843887544875,0.0840360224121,0.595577275584,0.585998382613,0.589144568273,4864.62651396
2430,0.0818986627681,0.0841554961708,0.0838560963097,0.596528524098,0.58710463703,0.589513716871,4886.04697006
2440,0.0815697178424,0.0840185411492,0.0834792378913,0.600418913048,0.592031038715,0.59425783656,4907.76169487
2450,0.0814197493981,0.0839074654796,0.0833064625667,0.603949959154,0.594575903811,0.597740690374,4928.9369332
2460,0.0813367849285,0.0837804404915,0.0832604338075,0.60399003195,0.593624429025,0.597812912969,4950.66030835
2470,0.0811408193283,0.0835928347366,0.0830671707463,0.607994733825,0.598224173699,0.60284726231,4972.09075304
2480,0.0812599767532,0.0836937604843,0.0832021025507,0.603789667968,0.596315524877,0.598620754219,4993.40459588
2490,0.0809095210895,0.083390573445,0.0829127036436,0.608186567692,0.599321879241,0.599658655958,5014.73333619
2500,0.0809057332646,0.0833832463487,0.0828999351284,0.608186567692,0.599321879241,0.599732217824,5035.89826392
2510,0.0807822285742,0.0832901151584,0.082794115387,0.609653513259,0.599482358122,0.600843681428,5057.57051851
2520,0.0807562075384,0.0832736416897,0.0827589402098,0.610050960411,0.599800466259,0.601065706295,5083.61046875
2530,0.0808112592045,0.0833234709505,0.082791267651,0.609891981551,0.599958095515,0.601212830026,5104.71395004
2540,0.0808849785088,0.0831372993066,0.0828513451391,0.60326347231,0.597404681544,0.594617610266,5125.70289744
2550,0.0802698452639,0.0826297369812,0.0821987800936,0.611118490338,0.602488712485,0.601583317894,5146.85681846
2560,0.0802641454643,0.0825756000536,0.0821927328086,0.609567462202,0.602164905098,0.600023786745,5168.64558348
2570,0.0801257407113,0.0825031321869,0.0820723107876,0.61076045982,0.602488712485,0.600470515019,5189.73656411
2580,0.0800407523442,0.0824452617444,0.0820064273979,0.613577413378,0.604236882426,0.602546318496,5210.93620033
2590,0.0799591492382,0.0822945029948,0.0818881177982,0.614211360333,0.605185507587,0.602546318496,5232.53902198
2600,0.0799205503177,0.0821471153045,0.0818089693439,0.617544010945,0.607409414921,0.605878030768,5257.19546654
2610,0.0797484208914,0.0817944453535,0.0816702158219,0.613329758809,0.603746896908,0.602906092203,5278.46981365
2620,0.0797404809309,0.0818211965475,0.0816623856916,0.613051217721,0.603746896908,0.602757629202,5300.06787493
2630,0.0797139962671,0.0817945714634,0.0816317618568,0.613051217721,0.603904526164,0.602978314798,5321.85610734
2640,0.0795741052809,0.0817132658418,0.0814916295529,0.613727205961,0.605176958712,0.604608729272,5342.86459196
2650,0.0792686591965,0.081549800554,0.0811663361806,0.620705215603,0.609146186362,0.609497294152,5364.42991118
2660,0.0792378869853,0.081526448495,0.0811371840301,0.62082477783,0.609621923755,0.610163368752,5385.95873435
2670,0.078856375286,0.0813000599618,0.0806958323796,0.653414131965,0.638108274951,0.642224680672,5407.50069245
2680,0.0788747874425,0.0813116961689,0.0807232019096,0.655438159707,0.640171703404,0.641632167937,5428.934203
2690,0.078736472517,0.0813919084485,0.0806321490104,0.646447323957,0.631112745563,0.634349445255,5450.39960914
2700,0.0786204071256,0.0811290281387,0.0804403120242,0.656788167698,0.638913518981,0.644525187557,5472.56127571
2710,0.0783535891751,0.080731426326,0.0802497073983,0.655633274388,0.63953548713,0.644220225933,5494.55820904
2720,0.0783192932782,0.0806995900207,0.080230989651,0.65594663897,0.64032363341,0.644066405851,5516.03676601
2730,0.0783169720319,0.080680339464,0.0802139961145,0.655470358551,0.639372158624,0.644287091447,5537.22081507
2740,0.0780785414086,0.0806566214734,0.0801092678224,0.65570357754,0.63794209682,0.643320073034,5558.81152242
2750,0.0779995298668,0.0806183562139,0.0800624913718,0.654347007921,0.639191732368,0.643532723009,5580.04859169
2760,0.077649631706,0.0803498507201,0.0797016094621,0.659778582567,0.642384212238,0.646646428225,5601.55367422
2770,0.0775935385881,0.080409443435,0.0796933138918,0.653615855142,0.637443562427,0.642036039565,5623.2575028
2780,0.0775836168528,0.0804577912121,0.0797194298792,0.653655271776,0.637128303915,0.642036039565,5644.72718885
2790,0.0775163901274,0.0803821898175,0.0796449732841,0.653100158088,0.636967825034,0.641665551697,5666.00981652
2800,0.077357595908,0.0802946543157,0.0794704876574,0.654490238876,0.638395037213,0.64381357777,5687.37689596
2810,0.0767087090585,0.0797454219021,0.0789292138689,0.658498221565,0.643479068155,0.647820739533,5709.77895231
2820,0.0767019031413,0.0797296848947,0.0789378386445,0.658616471466,0.643318589274,0.647894301399,5731.16981962
2830,0.0766926695292,0.0794987655063,0.0790960323494,0.652569369292,0.638372240213,0.63906677954,5753.09088646
2840,0.0766497572524,0.0796435938134,0.0789250221221,0.658577054832,0.64347621853,0.647966523994,5775.03585091
2850,0.0766215485914,0.0795908925692,0.0789214479486,0.658135597907,0.642203785982,0.644632133182,5797.74585075
2860,0.076577506653,0.0795159680849,0.0788710143197,0.658215087338,0.642679523375,0.645224645917,5819.12451865
2870,0.0765609924371,0.079504082245,0.0788620739375,0.658372753873,0.643312890024,0.645224645917,5840.74378213
2880,0.0765603372576,0.0795262458405,0.0788391994139,0.656628579544,0.641567569708,0.643892496716,5863.17564828
2890,0.076489236177,0.0794653546774,0.0788271852727,0.65678165294,0.641404241202,0.642777015301,5884.25325949
2900,0.0764698586315,0.0794395064474,0.0788171901756,0.657177787766,0.641243762321,0.642999040168,5905.79605451
2910,0.0764641557902,0.0794085916612,0.078799826193,0.657256621034,0.641401391577,0.643146163899,5927.88393177
2920,0.076223736965,0.0792274460153,0.0785237546006,0.662101539311,0.64760022581,0.64804008586,5949.78440998
2930,0.0761550260414,0.0790881436118,0.0784616388591,0.663452203465,0.647603075435,0.648116326266,5971.13373995
2940,0.075946063219,0.0788688076058,0.0782561473986,0.663806297006,0.648709329852,0.648926846057,5992.59417367
2950,0.0759103430154,0.0788087115682,0.078229869567,0.663607901512,0.649024588364,0.648999068652,6014.78052735
2960,0.0760425388991,0.0788854630977,0.0783322086971,0.66169490588,0.642513345244,0.646401635765,6036.15024794
2970,0.0757199245334,0.0786588332307,0.0780578732812,0.663757694094,0.647428348429,0.648402538106,6058.03556001
2980,0.0755718194395,0.0784856746338,0.0779600488694,0.662636968116,0.645986888126,0.64779663267,6079.05630209
2990,0.0755300460874,0.0784148490092,0.0779348455761,0.662595582994,0.646144517382,0.646833632067,6101.58690267
3000,0.0754837901862,0.0783973454139,0.0778917678,0.66263565579,0.645986888126,0.647130558069,6123.85024683
3010,0.0754407575234,0.0783685742772,0.0778560702903,0.662753905692,0.645986888126,0.646908533203,6145.43953027
3020,0.0753130899841,0.078183810324,0.0776736323656,0.663504790222,0.646932663661,0.646905854662,6167.45699456
3030,0.0752876571261,0.0781887797613,0.0776604850159,0.663029822128,0.646456926269,0.6466116072,6189.02137264
3040,0.075130043286,0.0782562599566,0.0774535060063,0.663510695687,0.648841312483,0.649796195741,6210.31761283
3050,0.0750688015765,0.078149918227,0.0773826957693,0.663906174351,0.648841312483,0.649722633875,6234.99130572
3060,0.0749845441148,0.0780285176038,0.0773493528708,0.665855305802,0.650268524662,0.651950918164,6256.39672544
3070,0.0749710011763,0.0779955973573,0.0773041974925,0.665739024389,0.650907590561,0.652249183437,6277.7356522
3080,0.0749365553609,0.0779213098902,0.0772766964556,0.665976180355,0.651065219817,0.652175621572,6299.33336898
3090,0.0747034066338,0.0779093122291,0.0770049575884,0.670145766555,0.652661459752,0.656990624586,6321.46995631
3100,0.0746984204668,0.0779052496414,0.0769620293871,0.670624015463,0.65314004677,0.657732939592,6346.48162348
3110,0.0746722670769,0.0779011604936,0.0769507352634,0.669229341536,0.653610084913,0.655138185246,6368.11607335
3120,0.0745262396399,0.0777870946662,0.0768934534792,0.671129213912,0.652816239383,0.655136845976,6389.42394029
3130,0.0744138756396,0.0776263739235,0.076823393424,0.669892206521,0.652804840883,0.654242050157,6411.63357096
3140,0.0744692177641,0.0777443264732,0.0768138314515,0.672041045792,0.654558710074,0.658614342708,6433.20410921
3150,0.0743661770357,0.0775836329179,0.0767666862851,0.671162725081,0.652968169389,0.655871125361,6454.72754303
3160,0.0743041672166,0.0775261151447,0.0766754895402,0.671125276936,0.653764864544,0.656907687829,6476.78781645
3170,0.0742873320575,0.0775278371206,0.0766801297529,0.671442578495,0.654401080818,0.657795787296,6497.6948354
3180,0.0739664451337,0.0771482189844,0.0761430802937,0.681372851829,0.664892950088,0.666181937962,6518.67496465
3190,0.073933480329,0.0771490402969,0.0761670443582,0.681730226184,0.665053428969,0.667072715969,6539.50513488
3200,0.0739190360408,0.0770628410352,0.0761337276949,0.681451685096,0.664892950088,0.666702228101,6561.11752526
3210,0.0738652277044,0.0769940281361,0.0760729560149,0.680974748514,0.664890100463,0.666477524694,6581.90927467
3220,0.0738212514913,0.0769547291275,0.0760681975977,0.679784375546,0.664093405308,0.666180598692,6602.99014273
3230,0.073732853098,0.0768864373788,0.0759917336333,0.68093533188,0.663935776052,0.666478863964,6624.27570583
3240,0.0739763115553,0.0772645142443,0.0762899645621,0.676722392069,0.65964559064,0.662101214333,6645.29266163
3250,0.0735711230471,0.0767827754113,0.0759257647605,0.679855991024,0.663769597921,0.666469489073,6666.12594485
3260,0.0735572770692,0.0767748113256,0.0758978854255,0.680133875949,0.662978602016,0.666469489073,6686.23830282
3270,0.0733716056916,0.0766069900273,0.0757042948216,0.682601985267,0.665683945993,0.668106599897,6708.06725872
3280,0.0732398437222,0.0764499226036,0.0755579464559,0.68411359677,0.667750224071,0.668189536654,6728.96823172
3290,0.0731511036837,0.0764152813056,0.0755195705295,0.68470550244,0.665053428969,0.668776692308,6750.07276887
3300,0.0731354533119,0.0764695220523,0.0754359718219,0.685303313575,0.666168232261,0.668557345982,6770.81405834
3310,0.0730113973695,0.0763093240645,0.075398152041,0.685020835511,0.666474941898,0.668626890037,6791.95141695
3320,0.072988585554,0.0762993468979,0.0753766048184,0.684584627888,0.665999204505,0.668182840303,6812.61233918
3330,0.0728313152839,0.0761851797733,0.0751865664875,0.684108347468,0.666156833761,0.668328624764,6833.60449679
3340,0.0727310493618,0.0761124018641,0.0751066347718,0.684540618115,0.666629721529,0.668327285494,6855.35065318
3350,0.0725794370152,0.0758155315658,0.0750315739785,0.681913529935,0.665818778249,0.666239428585,6876.1716805
3360,0.0722758848942,0.0754327087612,0.0747262495616,0.686798521009,0.668850779237,0.670247929619,6897.09495563
3370,0.0722320634075,0.0753876767819,0.0747140322545,0.686719687742,0.669799404398,0.669953682157,6917.76614233
3380,0.0722256529796,0.0753775189131,0.0746972685304,0.687395675981,0.670753728809,0.67025194743,6938.89728794
3390,0.0719125647889,0.074992212156,0.0743694905142,0.687472540761,0.670750879184,0.670174367753,6959.61338769
3400,0.0720296732146,0.0750552927994,0.0744686184102,0.684216098766,0.666621172654,0.668243009467,6980.3691006
3410,0.0718062428319,0.074935086253,0.0743035635548,0.6894236407,0.670922756565,0.672623337639,7001.62495233
3420,0.0718209741166,0.074931543098,0.0742947878276,0.691378677616,0.673946208679,0.672127154363,7022.34722873
3430,0.0713683088503,0.0744400452226,0.0738206698807,0.692475125573,0.67330144353,0.67580792618,7042.50431424
3440,0.0713614668565,0.0744409012415,0.0738128466118,0.692594031637,0.673777180923,0.67580792618,7063.24911108
3450,0.0713495722349,0.0744363964351,0.0738116958115,0.692553958841,0.673777180923,0.675585901313,7084.12849407
3460,0.0713222629933,0.074410554512,0.0737801115386,0.692911989359,0.674413397197,0.676253315184,7104.27511881
3470,0.0712895667868,0.07437473913,0.0737775995932,0.692117751218,0.674255767941,0.676916711244,7125.53701183
3480,0.0711598162637,0.0741713034555,0.073737838049,0.685196921472,0.667245990428,0.669492221911,7146.09001353
3490,0.0711302122753,0.074151430262,0.0736923655379,0.685354588007,0.667403619684,0.669861370509,7167.02236242
3500,0.0710860011519,0.0741278207394,0.0736530666785,0.685631816769,0.668512723726,0.669565783776,7187.34640086
3510,0.0710152151691,0.0740288997184,0.0735395414941,0.685950430654,0.668673202607,0.66934777672,7208.19342083
3520,0.0709974881398,0.0740224355669,0.0735177568099,0.687104667801,0.669151789624,0.671573382469,7228.39172456
3530,0.0709838592241,0.0740131743607,0.0735054100017,0.687223573865,0.669627527017,0.671499820603,7248.01571287
3540,0.0709601880299,0.0739861484664,0.0734867686775,0.686311085823,0.668833681488,0.670757505597,7268.40739437
3550,0.0708322251321,0.0738352740216,0.0733727867101,0.68379634208,0.669289471506,0.667408382812,7288.6962811
3560,0.070821582714,0.0737930276747,0.0733571811745,0.68367612369,0.669922838154,0.667999556277,7312.75718388
3570,0.0704077239099,0.0733798874199,0.0729332901071,0.689156957411,0.679451834139,0.673487330243,7333.12777608
3580,0.0704061672164,0.0733799455608,0.0729319423079,0.689275863475,0.679451834139,0.673487330243,7353.91548709
3590,0.07034683975,0.0731847193374,0.0728762492059,0.691536391021,0.680403308925,0.674010298922,7374.15616731
3600,0.0703596688764,0.073164530283,0.0728981273369,0.691219089462,0.680085200788,0.674083860788,7394.98518101
3610,0.0702723849373,0.0731721276666,0.0727720429672,0.695667872913,0.681844769228,0.679050005344,7415.49235155
3620,0.0701454499351,0.0733550401875,0.0725616886173,0.703612878975,0.689166955629,0.686541360192,7435.82631168
3630,0.0701911630463,0.073320284757,0.072603151097,0.704890615326,0.689490763016,0.688475397018,7457.3353472
3640,0.0700958362008,0.0732096417001,0.072471819469,0.704450470726,0.690917975194,0.687881545013,7477.44454069
3650,0.0700597916412,0.0731700624959,0.0723986348191,0.704768428448,0.69186944998,0.687659520147,7498.12862981
3660,0.0699999995948,0.0731341226441,0.0723726283681,0.704289523377,0.689963650784,0.686693841003,7518.70054498
3670,0.0700132505961,0.0731329688798,0.0723319588557,0.704091127883,0.689645542647,0.686544038732,7540.1092631
3680,0.0698864074715,0.073055887094,0.0722895316328,0.703809305981,0.689006476748,0.685431235858,7560.76038821
3690,0.0698362830609,0.0732324646087,0.0721842820616,0.709738158254,0.693316609534,0.692633700324,7580.92550463
3700,0.0696890230669,0.0731278551033,0.0720814055387,0.708819108584,0.691250331456,0.691738904506,7601.4366832
3710,0.0695849213873,0.0728848462704,0.0720152105449,0.70518757584,0.691379464462,0.685122256423,7616.65113209
3720,0.0695473252992,0.0728431326154,0.0719700308633,0.703758078418,0.687097827926,0.685417843156,7630.3245674
3730,0.0695380479221,0.0728405821966,0.0719617870546,0.703600411883,0.687097827926,0.685639868022,7644.18768313
3740,0.0695257233172,0.0728325388569,0.0719546046309,0.703758734581,0.687891673456,0.68601035589,7657.71134972
3750,0.0694811123008,0.072749846522,0.0718645972678,0.704236983489,0.689955101909,0.687123158765,7671.12466935
3760,0.0694061290232,0.0727250794392,0.0718310409382,0.704473483292,0.688685518986,0.686455744894,7684.50990314
3770,0.0694566430317,0.0728285696099,0.0718856404569,0.701772154984,0.686613541658,0.684672849609,7698.45022369
3780,0.0693451573721,0.0726824088592,0.0717368418678,0.704551004234,0.688209781593,0.686379504488,7712.14532192
3790,0.0693384964053,0.0726944448616,0.0717211895701,0.704828232996,0.688682669361,0.686305942623,7729.71922601
3800,0.0693505770909,0.0727172920808,0.0717354666506,0.704907722426,0.688682669361,0.686454405624,7743.16179495
3810,0.0693027739754,0.072664455711,0.0716913164429,0.705224367822,0.688682669361,0.686085257026,7756.72850706
3820,0.0692086021623,0.0726123858133,0.0715522138413,0.708886787085,0.692190407742,0.691207900205,7770.16653245
3830,0.0691578970574,0.0725396208159,0.0714852132864,0.708491964584,0.692350886623,0.692909198003,7783.76781224
3840,0.0690884692155,0.0724848382854,0.0714649629254,0.706541520807,0.690278909296,0.689717913111,7797.58565934
3850,0.0690462955308,0.0723932503467,0.0714064731088,0.704758586007,0.688218330468,0.688607788777,7810.75790045
3860,0.0689650938766,0.0723077406369,0.0713801313307,0.702727996637,0.687570715694,0.686451727084,7825.1819903
3870,0.0689650319065,0.0723079047825,0.0714069731361,0.704951732199,0.688685518986,0.68904648143,7840.07061278
3880,0.0688761974878,0.0722747328906,0.0714079608804,0.702402821125,0.686289734271,0.68666973414,7855.11419525
3890,0.0688532519106,0.0722512608924,0.0713743000121,0.702323331694,0.686132105015,0.687260907604,7869.6558186
3900,0.0687896236413,0.0722240364407,0.0713341376417,0.7032364759,0.685495888741,0.687631395473,7884.37366492
3910,0.0687562341783,0.0721954300554,0.071285239359,0.703040048893,0.688192683843,0.687781197744,7899.3964875
3920,0.0687300540937,0.072180712092,0.0712505656509,0.703555089784,0.687244058682,0.688223908207,7916.91338119
3930,0.0686842598066,0.0721095861641,0.0711985806777,0.703595162581,0.688040753837,0.687631395473,7931.61688685
3940,0.0686821604488,0.0721241787247,0.0712302926084,0.703396767086,0.685977325384,0.68733446947,7946.57328871
3950,0.0684309551668,0.0718456849481,0.0710309290123,0.701413468303,0.68929893826,0.688813742402,7961.4358846
3960,0.0684071430867,0.071878488658,0.0709727752838,0.702445518572,0.6877226457,0.689112007674,7976.02441479
3970,0.0683928290794,0.0719256809312,0.0710237453735,0.702124280037,0.685971626134,0.688885964997,7990.67460352
3980,0.0683757511083,0.0718507076681,0.0710289447953,0.701726176722,0.685650668372,0.688215872586,8005.66066308
3990,0.0682581782558,0.0717300673001,0.0709022210398,0.706174960173,0.691067055575,0.690817323284,8022.20773431
4000,0.0681985568258,0.0716986885982,0.0708450656224,0.707169562297,0.692021379986,0.691783002427,8039.20810999
4010,0.068169579213,0.071670983462,0.0708120091518,0.707606426083,0.692654746635,0.691341631234,8056.72950464
4020,0.0679257613719,0.0715476112082,0.0705351846681,0.711298419538,0.696942082422,0.696157973518,8073.05911678
4030,0.0679602894143,0.0715900474769,0.0705844873534,0.711298419538,0.696942082422,0.696157973518,8090.18539111
4040,0.0678961589061,0.0716046197203,0.0705605044653,0.71058432699,0.695514870243,0.695565460783,8105.79741328
4050,0.0678613607585,0.0715805441471,0.0705371013235,0.711419294091,0.695678198749,0.695862386786,8122.04662834
4060,0.0678221466425,0.0715619904048,0.0705041156465,0.711657106219,0.695520569493,0.69578882492,8138.80104128
4070,0.067815706633,0.0715863082004,0.0705035362498,0.71146002305,0.69583867763,0.696010849787,8154.37463714
4080,0.067803185137,0.0716156625757,0.070491358245,0.712609667058,0.697744476827,0.696826726659,8170.49726254
4090,0.0677514839653,0.0716190166406,0.070470130969,0.713126020274,0.698538322357,0.697788387992,8187.10239823
4100,0.0677372218302,0.0716082910927,0.0704650725415,0.713166093071,0.698380693101,0.697788387992,8203.67287589
4110,0.0677175290268,0.0715144549815,0.0703783454975,0.716067129199,0.699185937131,0.703274822687,8220.83020926
4120,0.067693468692,0.0714713495226,0.0703529590993,0.715907494175,0.698707350113,0.702680970682,8239.2036542
4130,0.0676162792508,0.0715189585114,0.0702380540451,0.715948223135,0.698707350113,0.703126359686,8255.72079612
4140,0.0675755661464,0.0713272343062,0.0702359611268,0.715113256034,0.699183087506,0.701791531945,8271.11973607
4150,0.0673505498667,0.071245741766,0.0700020735253,0.716111138972,0.700770778566,0.70490121935,8287.46779981
4160,0.0672997339101,0.0711781054947,0.0699359666813,0.715274859546,0.701716554101,0.703787077205,8304.12048858
4170,0.0672913589164,0.0711670178892,0.0699294355487,0.715116536848,0.701874183357,0.70371351534,8319.95390352
4180,0.0672155021121,0.071213460865,0.0698895971872,0.711844346947,0.697879309083,0.699846780956,8336.26728415
4190,0.0671719279575,0.0710838816466,0.0698041092506,0.712279898407,0.698194567595,0.699402731223,8352.73126559
4200,0.0671616619424,0.0710822549042,0.0697863296448,0.712279898407,0.698194567595,0.699476293088,8368.88413589
4210,0.0671457143218,0.0711104591255,0.0697386251175,0.713756030253,0.699320769387,0.70015308185,8385.32043334
4220,0.0671217746781,0.0710876684047,0.0697194834608,0.71375537409,0.699160290506,0.700078180714,8401.52393503
4230,0.0670949018439,0.0710871350609,0.0696996360959,0.71375537409,0.699160290506,0.70015174258,8417.61919991
4240,0.0670680528968,0.0710517021159,0.0696629707692,0.713477489165,0.699951286411,0.699779915442,8433.70519364
4250,0.0670429577352,0.0710297011664,0.0696377699663,0.713635811863,0.699793657155,0.700001940309,8450.62967367
4260,0.0669927225564,0.07076185543,0.0697303043769,0.708783675796,0.698343647976,0.695621612136,8467.31396397
4270,0.0669963269749,0.0707379506454,0.0697356346561,0.708823092429,0.69818601872,0.695621612136,8483.5925093
4280,0.0669215886319,0.0707237647265,0.0696721730403,0.710251277525,0.698822234994,0.697399150341,8499.92392246
4290,0.0668450915867,0.0706057508756,0.0696117923316,0.711326025243,0.700094667542,0.699178027816,8515.7776962
4300,0.0667032568625,0.0705048285684,0.0694871795341,0.714384071743,0.700897061947,0.701693863216,8532.11516031
4310,0.0666833043731,0.0705061526515,0.0694759322964,0.714862976814,0.700581803435,0.702509740088,8548.82618365
4320,0.0666007920712,0.0703719516295,0.069358525396,0.713747500137,0.700418474929,0.700213251014,8564.69257928
4330,0.0667141889063,0.0704187735559,0.0695190278688,0.710483184189,0.698489878732,0.695095964916,8580.40629507
4340,0.0665866077747,0.0703883815476,0.0693391244288,0.712515742047,0.699621779774,0.699620738279,8597.0423629
4350,0.066544132609,0.0703678264362,0.069281109557,0.71402735355,0.701369949715,0.700439293691,8616.57319297
4360,0.0665192863178,0.0703369264058,0.0691922561772,0.719194166526,0.704083842566,0.709032737251,8633.50205776
4370,0.0664350351245,0.0702130023541,0.069155626618,0.716805546637,0.703436227792,0.704881130297,8649.60549106
4380,0.0663919822004,0.0702025029999,0.0691617949797,0.717401389284,0.702963340024,0.704807568431,8665.40450561
4390,0.0663842994173,0.070093594104,0.0691505309008,0.716486932753,0.703751486304,0.703030030227,8681.65820969
4400,0.0663515344089,0.0700530126336,0.0691277707521,0.716168975032,0.703751486304,0.702511079358,8699.24946204
4410,0.0663322062471,0.0700330297433,0.0691061330839,0.716408755648,0.704227223697,0.703103592093,8714.66500244
4420,0.0663214863178,0.0700306392606,0.0690383162206,0.716728681858,0.704069594441,0.704438419834,8731.11861512
4430,0.0662377763441,0.0699666033449,0.0689695739275,0.716611088119,0.703599556298,0.705103155164,8747.48313642
4440,0.0662294530766,0.0699500046421,0.0689219040278,0.718080002175,0.704235772572,0.706068834307,8763.27493344
4450,0.0662038398113,0.0698914119446,0.068901507312,0.717405982423,0.704866289596,0.707104057505,8779.66842305
4460,0.066190937046,0.0698839608141,0.0688932092089,0.717166857969,0.705181548108,0.706658668501,8799.83164512
4470,0.0661870091188,0.0698802687502,0.0688922105495,0.717087368539,0.705339177364,0.706658668501,8816.16130656
4480,0.066176700791,0.0698495043153,0.068879833342,0.717088024702,0.705339177364,0.70702915637,8832.08086738
4490,0.0661413762722,0.069829485257,0.0688273495065,0.717326492993,0.705972544013,0.707917255837,8849.59220442
4500,0.0660948359294,0.0697535609135,0.0688021488865,0.717166857969,0.706287802525,0.707917255837,8867.12523987
4510,0.0660833502006,0.069787968521,0.0688231245675,0.716804234312,0.704379153703,0.705766551224,8877.51763836
4520,0.0660636220312,0.0697971121818,0.0687986603252,0.717163577156,0.706124474019,0.706952915964,8887.21251406
4530,0.065902475076,0.0696826856291,0.0685964212389,0.7159712357,0.706124474019,0.702880227956,8896.64232526
4540,0.0658871259314,0.0696758997537,0.0685690858432,0.715927882089,0.702633833388,0.701542721674,8906.04039121
4550,0.0659037446695,0.0697089051159,0.0686194182837,0.714813717738,0.702312875626,0.7004299188,8915.29049253
4560,0.065862600743,0.0696606442248,0.0685552343782,0.715808976025,0.702791462644,0.701542721674,8924.78551516
4570,0.0658195945271,0.0697086808791,0.0684782334671,0.722522880161,0.705826313257,0.710663151725,8934.06562313
4580,0.0657360189643,0.0697325688754,0.0683806206471,0.725582238987,0.707110144305,0.711709089085,8943.23714737
4590,0.0657034457931,0.0697511348967,0.0683681066961,0.725501437231,0.706949665424,0.711929774681,8953.11969495
4600,0.0656369350033,0.0695577121709,0.0681908590547,0.727961016434,0.709964568663,0.715339066629,8962.67617645
4610,0.0655962111126,0.0695545096174,0.068209118798,0.729123783697,0.711414577842,0.717796072136,8972.05854443
4620,0.0655153681905,0.0694240973378,0.0681408840951,0.727008455594,0.708064468716,0.714306521971,8981.46293985
4630,0.0654823445784,0.0694020984627,0.0680180688268,0.729479189564,0.711406028967,0.719125542796,8991.15335228
4640,0.0654121043996,0.0692553292994,0.0679559853687,0.727612828357,0.710603634562,0.716088077987,9001.14669722
4650,0.0653901390395,0.0692127695078,0.0679901953493,0.722167474294,0.706138722144,0.712666732607,9010.40323097
4660,0.0653335813997,0.0692637946117,0.0680265758128,0.721290465908,0.70787264396,0.71140010965,9019.20993752
4670,0.0653096802986,0.0692789700741,0.0680484855766,0.720694623262,0.706921169174,0.71073135651,9028.40048306
4680,0.065262984532,0.0692193881968,0.0679992148974,0.722004558456,0.708033122841,0.711769258248,9038.50341242
4690,0.0651601275527,0.0691940797061,0.0679389109146,0.7242598367,0.707242126936,0.712952944448,9048.72363351
4700,0.0650956027494,0.0691570573989,0.0678784369323,0.724893783655,0.707242126936,0.71324987045,9058.43349468
4710,0.0650871204941,0.069170377931,0.0678448682358,0.726283864442,0.707087347305,0.715989069987,9067.93877594
4720,0.0649824043004,0.0690885377279,0.0677165666867,0.727237737607,0.710105100169,0.716732724264,9077.15954928
4730,0.0649229072537,0.0690410947019,0.0676305038474,0.727833580254,0.708995996127,0.719104114473,9086.35604654
4740,0.0648986190238,0.0689994607212,0.0675385723222,0.729024609384,0.709635062026,0.71932747861,9096.37685548
4750,0.0648022972624,0.0690251571772,0.0674563566745,0.729260453024,0.712010899366,0.718438039873,9105.6192908
4760,0.064744584851,0.0689544619543,0.0673878054439,0.728863005872,0.711217053836,0.717991311599,9114.44880783
4770,0.0647459477454,0.0689827791106,0.0674170438989,0.727194383997,0.7102598798,0.716655144588,9123.56497732
4780,0.0646933744788,0.0689017304188,0.0673954799992,0.725561241779,0.708187902472,0.714873588573,9132.50717418
4790,0.0646616917856,0.0689159726228,0.0673379909843,0.726794968357,0.708826968371,0.715324334657,9141.42410635
4800,0.0646381023168,0.0688146033977,0.0673578894486,0.726080219646,0.709933222788,0.714876267113,9150.72898197
4810,0.0646131061558,0.0687906338262,0.0673381275572,0.726197813385,0.710093701669,0.715170514575,9161.52553834
4820,0.0646086737933,0.0687985584057,0.0673367882813,0.726276646652,0.710093701669,0.715022051574,9172.05361203
4830,0.0645794332525,0.068791790016,0.0672991069494,0.7258791995,0.70946033502,0.715244076441,9182.79349486
4840,0.0643324744838,0.0686346416399,0.0670418320393,0.730852866283,0.715349609991,0.720891027569,9193.67650198
4850,0.0642973737922,0.06858123867,0.0670073894011,0.730810824998,0.714077177443,0.720816126433,9204.90333187
4860,0.0642843278839,0.0685743411236,0.0669916289428,0.731405355319,0.714871022973,0.721113052436,9215.21975978
4870,0.0641911335683,0.0684922314312,0.0669849130928,0.728342059517,0.712002350491,0.718216015006,9225.44825285
4880,0.0643084260171,0.0687190041699,0.0670023274987,0.734313609237,0.71599437514,0.723056464154,9235.15586936
4890,0.0641007738444,0.0684816866876,0.0669237063941,0.729892431491,0.712480937509,0.718811206281,9244.47569874
4900,0.0639929648055,0.0683599337351,0.0668176016975,0.73004616105,0.713744821182,0.718514280279,9254.21284966
4910,0.063989071018,0.0683592535835,0.0668140598264,0.729927254985,0.713744821182,0.718514280279,9263.94618145
4920,0.0639857300454,0.0683458876674,0.066807543742,0.73012565048,0.713587191926,0.718589181415,9273.93124081
4930,0.0637716565285,0.0680817598537,0.0666428603939,0.735252390659,0.720579871689,0.720972625056,9284.73729985
4940,0.063754841687,0.0680763938164,0.0666300613618,0.735212317862,0.720579871689,0.720972625056,9295.07315583
4950,0.0637425625781,0.0681393512302,0.066646507984,0.734816839198,0.720106983921,0.720751939459,9305.90921123
4960,0.0637345945184,0.0681190535849,0.0666437547551,0.734618443704,0.720106983921,0.720751939459,9316.01349783
4970,0.0636961969959,0.0681117667101,0.0666179512421,0.734657860338,0.720106983921,0.720750600189,9327.00004843
4980,0.0636923516721,0.0680507014675,0.066552566668,0.73608998241,0.721703223856,0.722312809878,9347.6572138
4990,0.0636663556768,0.0680462605328,0.0666014535086,0.735093411798,0.720109833546,0.721566477061,9378.99262434
5000,0.0636493663005,0.0680097412676,0.0665803031336,0.733860997545,0.718679771742,0.722228533851,9410.15903605
